987842521
987923534
988293769
988405715
989007722
989122316
989125537
989132803
989164413
989326421
989327973
989444479
989687886
989692210
989837479
989854827
989978651
990219929
990285473
990329639
990985742
991129815
991147812
991196991
991245963
991245963
991273704
991350948
991365336
991365336
991469915
991511106
991569235
991935625
991935625
991955438
992139131
992202360
992253040
992300486
992522755
992522758
992593747
992632222
992632222
992657087
992657087
992689058
992719987
992719987
992739227
992785210
992785210
992789408
992847756
993005840
993073073
993073073
993131850
993220007
993220007
993255470
993279644
993343910
993377817
993398316
993428861
993464416
993489448
993532952
993695683
993696484
993792570
993828227
993890182
993928838
994005584
994018845
994028455
994081234
994088755
994098852
994111110
994133727
994156314
994247362
994525749
994667210
994680344
994711894
965366225