992906574
985005004
976536900
14750158
15335774
992721726
999152996
52411599
988544569
958598546
988029479
987931689
969795884
943672332
15657774
74210568
15248411
991602860
15502914
949763944
998608720
13887823
992151869
980778284
940476660
953642120
987138331
84241755
952891341
15828129
967787679
993106401
988120470
975450180
985753231
987497482
991781465
945079438
953757860
990366812
74492426
989060456
988823385
61575357
974208916
64392237
14204198
61590710
997366426
995568582
14815075
996889137
14524142
980518117
961916670
996060923
15297907
952879424
983602393
973592696
981284617
940253010
995647252
15664032
12877249
967760049
971333282
65221938
12519938
15603400
14208801
15735515
993735191
975112972
940650696
943525745
993868069
996215912
959669527
64245633
982329877
15377267
992820943
954032928
64265995
14522861
52241283
995411265
993229440
966475177
971873422
974443357
65229088
979331689
12420466
54254163
84233637
969090019
999910798
998442301
14301841
994128863
997045908
990311664
963753345
13261177
73502766
962753519
982762423
966366922
84226058
16401500
14655080
947163695
13652190
54425348
950345298
991498215
13976177
990019573
987571010
992503207
44462570
15255222
12766298
74223602
12871443
945780300
994802955
940210265
965394187
980080887
957959751
954033000
15387186
997549144
945063533
981780640
12511216
15314765