968742722
958811240
12682774
958983433
13812937
947469567
17325520
947278792
940400093
959010683
988115531
16185656
965736256
991293942
54795291
975321410
944209486
982307707
986205965
54504949
958813661
942604500
82571483
986652907
994996951
943962801
945456002
992891885
16392987
991784443
992558987
948496059
979128485
973255481
981937097
966434321
957958171
74792173
13520783
12931484
13513176
991431672
956315250
976486118
14286227
980256369
958521104
13718916
84435169
992502696
945313433
943457967
15501774
13511368
974789568
976102709
985457051
969666753
942784868
989779324
943763448
13646765
980708309
84261253
990653167
14586735
952661580
993530142
12687753
945932831
962731936
984332288
956076063
15447250
948945922
980186216
14130400
952809660
64386254
943664024
14985341
982738423
996651823
953676382
15260269
983487616
966117297
956530982
74214986
997704846
984115338
13440863
994974412
986173456
972727920
955871732
948568270
954043840
957413948
44421843
958383371
16214695
996284106
12487217
993721631
962805061
944453344
73349886
14736553
980387339
14675640
958119033
16649857
964262108
979009938
946613667
979720677
12439679
940145561
12477574
12852387
997506123
993966141
12854431
945126159
953563281
992982745
966122777
942862466
997844276
987757710
14657886
12861175
957605603
13661990
958128240
988550388
979769683
13945450
84223897