994816815
994875861
995091107
995197791
995305771
995400032
995407988
995419113
995566612
995576975
995770452
995876963
995901147
995978772
996169532
996242433
996493322
996493322
996639752
996663615
996742403
996765066
996897233
996897233
996897233
997043320
997084028
997117009
997117009
997152572
997201823
997336510
997354753
997372198
997376069
997383385
997413905
997413905
997440462
997476933
997523018
997532712
997575565
997619967
997627346
997628299
997859577
997885810
997892896
997918787
997940067
997942105
997977039
998046177
998143834
998163189
998163447
998169790
998169790
998288342
998359514
998705020
998785883
998803475
998939428
999039992
999041478
999046119
999085143
999093882
999133617
999180354
999180354
999202864
999337699
999343445
999348957
999404997
999454103
999571909
999587522
999617781
999617781
999645094
999662634
999662634
999662634
999688518
999837773
999915001
999915001
999988760
999992183