945874035
979455958
989792092
948142260
15643204
994819902
945646866
74470344
956871713
997653519
44650502
991179435
969056286
992226733
16178000
974286857
987442502
942027332
15616457
999745796
997601642
959001318
985689314
979014603
982570952
986592441
947440383
954123241
15635434
989261616
16142121
992661907
993007679
13309857
993549598
982330303
991540221
12743210
15650116
14820327
12236184
979830730
14719974
971874157
15839580
988717990
968949118
13921012
15564051
940166110
84601410
984006320
964228389
15366316
13436905
13366326
12767435
976720125
74224793
989872428
945926874
12542599
15526409
13515618
984207734
992676558
998999541
975471936
953737807
54401097
17007000
14637987
13653500
14475159
992540705
12768005
978173834
974793316
947325293
13546193
993406813
987765999
12850640
966185804
956205913
950760290
15776062
962954765
959814265
994435609
73316159
64241029
992465998
14297280
84261915
14536276
997942702
987837702
13367306
989801244
15426556
987241647
993720897
975192428
983669299
43355402
12551356
64391949
14823904
980298273
981555074
958585155
13740135
13945572
991358278
953682522
15931803
965409230
997429316
12225039
958147172
949690220
15860540
984317845
16592122
947032939
996970566
969470220
975593572
16619311
15530350
943558675
983671485
15829994
12912407
13946015
998755932
948956731
15671468
959928614