972648044
973104358
973109414
974205550
975227172
975542234
975584686
975715430
976216079
976359805
976363168
976416768
976943750
976960068
978218462
978734651
979711064
979711064
979726766
979738283
979976472
980037919
980069650
980090071
980220445
980220445
980310188
980523922
980555265
980640164
980689781
980878890
980938995
981021614
981024573
981083222
981116166
981145406
981185823
981194832
981247686
981247686
981251316
981355765
981538258
981599402
981599402
981921787
982540119
982540119
982894034
983063818
983063818
983479245
983488541
983613085
984154507
984279921
984702637
984796724
985008880
985008880
985620365
985655525
985656090
986050252
986163844
986207572
986355732
986370027
986668585
986825285
987181860
987188600
987216969
987256443
987266882
987310090
987329470
987329470
987337365
987727129
987734030
987734030
987734030
987751618
987755202
987780212
987828337
987842521
995242905