955889634
955970565
956012580
956012580
956143299
956199106
956697641
956755655
956755655
956792607
956903887
956927311
957938111
957969006
957969006
958025169
958132058
958238197
958317489
958317489
958328757
958328757
958335108
958335108
958351176
958495623
958495623
958577606
958743208
958787940
958958408
958958408
959040930
959040930
959107128
959109290
959116587
959123697
959130039
959181989
959209527
959303339
959303339
959538323
959684542
959758145
959788223
959894569
959951494
961015776
961015776
961077346
961533449
961711690
962612623
963763334
964134866
964301379
964834274
964987547
965617577
965969136
966187143
966303395
966425876
966429527
966506888
966657765
966912020
966916428
967743911
967787827
967787827
968150352
968361242
968946999
968962170
968962170
969199417
969500576
969664103
969765727
969809853
969900844
969947326
969972005
971195656
971433906
971887559
972616483
987373042