941463805
989205867
15340821
16532842
16473696
988962396
15267670
73397536
941666120
995617580
981138166
959869107
942112465
985674352
978122471
953601429
957817272
976440406
985527491
994315923
980988694
978997110
987766738
955936556
975626254
992633483
12806093
15280881
13923343
948249552
979111594
14622254
44285731
942464187
12555560
999399571
945995158
984750396
13463348
955838954
985077126
15776501
952801594
996449928
13270683
16287470
993393651
988720035
13438366
980893669
988251715
12857459
15580186
957806962
993509203
957489700
44270701
15532286
993570491
990851759
13278043
992216619
16478942
958583523
14458182
969077321
940413293
12761574
987162288
968337545
992009433
13814194
991250435
985807499
961902791
957726755
999839068
948185128
993285365
13819421
14262266
952621120
12878180
15582905
959777372
15640496
15781301
940414540
987732942
43323806
964624922
14221426
986613235
14524731
957859520
987838680
73371671
952659841
54786681
987928051
13368040
958830042
991077818
947391303
966522366
12586818
965366225
996464923
84226572
953969893
44202665
992456469
957964432
958015248
964399191
997580956
14726892
12831067
972951620
996799491
945658188
992337411
976034339
959555278
984702051
971137380
15507808
999355353
985004513
990862244
14316149
14235219
959064226
950907416
978970669
998547399
958618450
17803193
962721467
15744733