956226062
961629370
15242297
992838478
966530491
14300242
951216043
15317109
14828080
84225021
985345346
964719121
989977535
16481062
979054600
976820926
997959561
73361064
978766770
12962644
54519336
968948684
949714182
947504581
985449823
993769516
965911018
987297282
949190960
968719645
950862175
987491643
989901921
15721165
14478377
994696396
66528220
53507639
951795516
972835593
999399352
959261114
964830842
955011030
942727865
986911275
980755023
14985970
16877678
13820129
962361228
44280128
947656301
14544139
980551620
942680158
959847186
947569825
959675244
966592099
948445083
985883067
993216155
994053614
13428922
65233065
979994207
949050936
941495813
72524189
945685573
951097581
979125506
945594323
951320678
962358031
955955531
12684158
13580135
15824087
993018400
946897955
987931042
14293228
16215435
944300441
13953216
15835310
958191921
980638319
983575797
984897559
15942376
44311866
54382350
945814592
947543331
955738324
54436843
944534967
993500247
985087276
992828028
15531494
14252384
989393859
940438747
12960131
54451087
989136176
997005629
13575493
997014497
996665804
980087210
984500030
995986459
949798869
975410825
981780875
945658558
950711518
963928390
957874910
941998752
12545886
971304879
976555817
15340449
12647945
959617785
980852779
993538391
14620797
988117575
943927567
14345789
965399647
966601866
84239278
12253655
84277872
993460010
952920059
54501717
999018775
84234489
51324688
14813006
952803230
984762559
53484637